000000000000000000000000000000000000000000000000
000000000000000000000000000000000000000000000000
000000000000000000000000000000000000000000000000
000000000000000000000000000000000000000000000000
000000000000000000000000000011111110000000000000
000000000000000000000000000010000011111110000000
000000000000000000000000000010000000111311000000
000000000000000000000000000010111100000001000000
000000000000000000000000000110100111110001000000
000000000000000000000011111100100000011111000000
000000000000000000000010000000100000000000000000
000000000000000000000010001111100000000000000000
000000000000000000000010111000000000000000000000
000000000000000000011110100000000000000000000000
000000000000000000010000100000000000000000000000
000000000000000111110111100000000000000000000000
000000000000000100000100000000000000000000000000
000000000000000101111100000000000000000000000000
000000000000001101000000000000000000000000000000
000000000000111001000000000000000000000000000000
000000000000100001000000000000000000000000000000
000000000000100001000000000000000000000000000000
000000000000100011000000000000000000000000000000
000000000000100010000000000000000000000000000000
000000000000110110000000000000000000000000000000
000000000111110110000000000000000000000000000000
000000000100000010000000000000000000000000000000
000000000100000010000000000000000000000000000000
000000000100111110000000000000000000000000000000
000000000100100000000000000000000000000000000000
000000000100100000000000000000000000000000000000
000000011100100000000000000000000000000000000000
000000010000100000000000000000000000000000000000
000000110000100000000000000000000000000000000000
000000100011100000000000000000000000000000000000
000000100010000000000000000000000000000000000000
000000100010000000000000000000000000000000000000
000000100010000000000000000000000000000000000000
000000100010000000000000000000000000000000000000
000000100010000000000000000000000000000000000000
000000113110000000000000000000000000000000000000
000000000000000000000000000000000000000000000000
000000000000000000000000000000000000000000000000
000000000000000000000000000000000000000000000000
000000000000000000000000000000000000000000000000
000000000000000000000000000000000000000000000000