000000000000000000000000000000000000000000000000000000000
000000000000000000000000000000000000000000000000000000000
000000000000000000000000000000000000000000000000000000000
000000000000000000000000000000000000000000000000000000000
000000000000000000000000000000000000000000000000000000000
000000000000111000000000000011100000000000000000000000000
000000000000101000000000011113111100000000000000000000000
000000000000101000000000010010000100000000000000000000000
000000000000101011111111010000010100000000000000000000000
000000000000101010000001010100000111111111000000000000000
000000000000101010000001110000010110000001000000000000000
000000000000101010000000111110111010000001000000000000000
000000000000101010011100111010101110100001000000000000000
000000000000101010010100001110111010010011000000000000000
000000000000101110010100000000010000000001000000000000000
000000000000100000010111100000000011000011000000000000000
000000000000100000010000100100000000100101000000000000000
000000000000111111110000110000001000000011000000000000000
000000000000000000000000011110011111111110000000000000000
000000000000000000000000011110011111111111100001110000000
000000000000000000000000010000000000000000100001010000000
000000000000000000000000010000000000000011100001010000000
000000000000000000000000011110011110011110000001010000000
000000000000000000000000011110011110010000000011010000000
000000000000111100000000010000000111110000000010010000000
000000000000100100000000010000000100000000000012110000000
000000000000100100000000010000000100000000111110100000000
000000000000100110000000010000000100000000102202100000000
000000000000100010000000010000000100000001122021100000000
000000011111100010000000011100001100000111202111000000000
000000010000000010111111100110011000111102021100000000000
000000111111100010100000111110011111100202221000000000000
000000110000100010100000000000000000000222201000000000000
000000100000100010100000000000000000001111111000000000000
000000110010111010100111100111111111111000000000000000000
000000120210001011100100000000000000100000000000000000000
000000102210001000000100000000000000100000000000000000000
000000122210001000000100000000000000100000000000000000000
000000122211101111001100000000000001100000000000000000000
000000112221100000001111100111110011000011110000000000000
000000120202100000001111100111110011001110010000000000000
000000122020111100002020022220000001111000010000000000000
000000110200000100022202202220000001100000010000000000000
000000011120000100202222222002011111100000010000000000000
000000000100000111111111111111100000100011110000000000000
000000000100000010000000000000110011100010000000000000000
000000000111100000000100000000000000000110000000000000000
000000000000111111111100000000000000000100000000000000000
000000000000000000000111000000000011111100000000000000000
000000000000000000000000111100111110000000000000000000000
000000000000000000000000000100100000000000000000000000000
000000000000000000000000000100100000000000000000000000000
000000000000000000000000000100100000000000000000000000000
000000000000000000000000000100100000000000000000000000000