000000000000000000000000000
000000000000000000000000000
000000000000000000000000000
000000000000000000000000000
000000000111000000000000000
000000000101000000000000000
000000000101000000000000000
000000000101000000000000000
000000000101000000000000000
000000000101000000111111100
000011111101111111100000100
000010000000000000000000100
000010000000000000000000100
000010011111101111111011100
000011110010000010001010000
000000000010000010001010000
000000000010000010011010000
000000000010000010010010000
000000000011111110010010000
000011110000000000010010000
000010011111100001110010000
000010000000111111000010000
000010000000000000000010000
000010000000000000000010000
000011110000000000111110000
000000011111000111100000000
000000000001000100000000000
000000000001000100000000000
000000000001000100000000000
000000000001100100000000000
000000000000100100000000000
000000000000101100000000000
000000000000101000000000000
000000000000101000000000000
000000000000101000000000000
000000000000101000000000000
000000000000101000000000000
000000000000101000000000000
000000000000101000000000000
000000000000101000000000000
000000000000131000000000000
000000000000000000000000000