000000000000000000000000
000000000000000000000000
000000000000000000000000
000000000000000000000000
000000000000000000000000
001000000000000000000000
010111111111111111111111
010000000000000000000000
010100000000000000000000
010111110000000000000000
010111111111100000000000
010111111111100000000000
010111111111100001111111
010100000000000001000000
010100000000000001000000
010100000000000001000000
010111100000000001000000
010000111111000001000000
001111111111000001000000
000000111111000001000000
000000100000000001000000
000000100000000001000000
000000100000000001000000
000000111111000001000000
000000111111000001000000
000000111111000001000000
000000111111000001000000
000000111111000001000000
000000100000000001111100
000000100000000001111100
000000100000000001111100
000000100001000001111100
000000100000000000000010
000000100000000000000010
000000111110001011111100
000000000010001000000000
000000000010001000000000
000000000010001000000000
000000000010001000000000
000000000010000100000000