000000000000000000000000
000000000000000000000000
000000000000000000000000
000000000000000000000000
000000000000000000000000
000000000000000000000100
111111111111111111111010
000000000000000000000010
0000000000000000f0f01010
000000000001111111111010
000000000001111111111010
000000000001111111111010
111111100001111111111010
000000100000000000001010
000000100000000000001010
00000010000000000f0f1010
000000100000111111111010
000000100000111111000100
000000100000111111000000
000000100000111111000000
000000100000000001000000
000000100000000001000000
000000100000000001000000
000000100000111111000000
000000100000111111000000
000000100000111111000000
000000100000111111000000
000000100000111111000000
001111100000000001000000
001111100000000001000000
001111100000000001000000
001111100000100001000000
010000000000000001000000
010000000000000001000000
001111111100011111000000
000000000100010000000000
000000000100010000000000
000000000100010000000000
000000000100010000000000
000000000100010000000000 